0000   20 47 47 84 31 d8 3C a0 67 db 0a 2b 08 00 45 00  00 ff 665464687 sfegrwxdwfg #~é"(
 dflkjldfkjflsjldf
sfkmls sdlkj
0010   00 3c c8 33 00 00 80 01 ac a8 0a bc 13 56 c3 c8
f 00
0020   e4 0a 08 00 4d 58 00 01 00 03 61 62 63 64 65 66
0030   67 68 69 6a 6b 6c 6d 6e 6f 70 71 72 73 74 75 76
0040   77 61 62 63 64 65 66 67 68 69 .sdf35.s3df.4.3s5d35.sd5f.5sdf


0000   20 47 47 84 31 d8 3C a0 67 db 0a 2b 08 00 45 00
 dflkjldfkjflsjldf
sfkmls sdlkj
0010   00 3c c8 33 00 00 80 01 ac a8 0a bc 13 56 c3 c8
f 00
0020   e4 0a 08 00 4d 58 00 01 00 03 61 62 63 64 65 66
0030   67 68 69 6a 6b 6c 6d 6e 6f 70 71 72 73 74 75 76
0040   77 61 62 63 64 65 66 67 68 69

0000   3c a0 67 db 0a 2b 20 47 47 84 31 d8 08 00 45 00
0010   00 35 00 00 40 00 3c 11 dc 83 42 66 01 bd 0a bc
0020   13 56 01 bb fe 31 00 21 d0 71 5f e6 75 b3 eb fc
0030   58 e1 62 4e 6b 71 a6 f8 fe 8b 47 47 9a b1 3d 1a
0040   2b 48 f5 00 54 sdf

0000   3c a0 67 db 0a 2b 20 47 47 84 31 d8 08 00 45 00
10   04 37 4a ed 40 00 22 11 93 c4 03 16 54 dd 0a bc
0020   13 56 22 61 d3 a8 04 23 57 83 05 91 ed 00 d4 00
000030   1e 00 0d bc b2 46 c9 02 05 36 05 3b 00 00 00 00
0040   00 15 01 00 00 00 00 00 00 00 33 01 49 91 24 1d
0050   7f 9b bc b2 00 00 00 03 e8 00 00 00 00 01 01 01
0060   01 01 01 01 01 01 01 01 01 01 01 01 01 01 01 01
0070   01 01 01 01 01 01 01 01 01 01 01 01 01 01 01 01
0080   01 01 01 01 01 01 01 01 01 01 01 01 01 01 01 01
0090   01 01 01 01 01 01 01 01 01 01 01 01 01 01 01 01
0000a0   01 01 01 01 01 01 01 01 01 01 01 01 01 01 01 01
00b0   01 01 01 01 01 01 01 01 01 01 01 01 01 01 01 01
00c0   01 01 01 01 01 01 01 01 01 01 01 01 01 01 01 01
00d0   01 01 01 01 01 01 01 01 01 01 01 01 01 01 01 01
00e0   01 01 01 01 01 01 01 01 01 01 01 01 01 01 01 01
00f0   01 01 01 01 01 01 01 01 01 01 01 01 01 01 01 01
0100   01 01 01 01 01 01 01 01 01 01 01 01 01 01 01 01
0110   01 01 01 01 01 01 01 01 01 01 01 01 01 01 01 01
0120   01 01 01 01 01 01 01 01 01 01 01 01 01 01 01 01
0130   01 01 01 01 01 01 01 01 01 01 01 01 01 01 01 01
0140   01 01 01 01 01 01 01 01 01 01 01 01 01 01 01 01
0150   01 01 01 01 01 01 01 01 01 01 01 01 01 01 01 01
0160   01 01 01 01 01 01 01 01 01 01 01 01 01 01 01 01
0170   01 01 01 01 01 01 01 01 01 01 01 01 01 01 01 01
0180   01 01 01 01 01 01 01 01 01 01 01 01 01 01 01 01
0190   01 01 01 01 01 01 01 01 01 01 01 01 01 01 01 01
01a0   01 01 01 01 01 01 01 01 01 01 01 01 01 01 01 01
01b0   01 01 01 01 01 01 01 01 01 01 01 01 01 01 01 01
01c0   01 01 01 01 01 01 01 01 01 01 01 01 01 01 01 01
01d0   01 01 01 01 01 01 01 01 01 01 01 01 01 01 01 01
01e0   01 01 01 01 01 01 01 01 01 01 01 01 01 01 01 01
01f0   01 01 01 01 01 01 01 01 01 01 01 01 01 01 01 01
0200   01 01 01 01 01 01 01 01 01 01 01 01 01 01 01 01
0210   01 01 01 01 01 01 01 01 01 01 01 01 01 01 01 01
0220   01 01 01 01 01 01 01 01 01 01 01 01 01 01 01 01
0230   01 01 01 01 01 01 01 01 01 01 01 01 01 01 01 01
0240   01 01 01 01 01 01 01 01 01 01 01 01 01 01 01 01
0250   01 01 01 01 01 01 01 01 01 01 01 01 01 01 01 01
0260   01 01 01 01 01 01 01 01 01 01 01 01 01 01 01 01
0270   01 01 01 01 01 01 01 01 01 01 01 01 01 01 01 01
0280   01 01 01 01 01 01 01 01 01 01 01 01 01 01 01 01
0290   01 01 01 01 01 01 01 01 01 01 01 01 01 01 01 01
02a0   01 01 01 01 01 01 01 01 01 01 01 01 01 01 01 01
02b0   01 01 01 01 01 01 01 01 01 01 01 01 01 01 01 01
02c0   01 01 01 01 01 01 01 01 01 01 01 01 01 01 01 01
02d0   01 01 01 01 01 01 01 01 01 01 01 01 01 01 01 01
02e0   01 01 01 01 01 01 01 01 01 01 01 01 01 01 01 01
02f0   01 01 01 01 01 01 01 01 01 01 01 01 01 01 01 01
0300   01 01 01 01 01 01 01 01 01 01 01 01 01 01 01 01
0310   01 01 01 01 01 01 01 01 01 01 01 01 01 01 01 01
0320   01 01 01 01 01 01 01 01 01 01 01 01 01 01 01 01
0330   01 01 01 01 01 01 01 01 01 01 01 01 01 01 01 01
0340   01 01 01 01 01 01 01 01 01 01 01 01 01 01 01 01
0350   01 01 01 01 01 01 01 01 01 01 01 01 01 01 01 01
0360   01 01 01 01 01 01 01 01 01 01 01 01 01 01 01 01
0370   01 01 01 01 01 01 01 01 01 01 01 01 01 01 01 01
0380   01 01 01 01 01 01 01 01 01 01 01 01 01 01 01 01
0390   01 01 01 01 01 01 01 01 01 01 01 01 01 01 01 01
03a0   01 01 01 01 01 01 01 01 01 01 01 01 01 01 01 01
03b0   01 01 01 01 01 01 01 01 01 01 01 01 01 01 01 01 dsfdsf
fsdfsd
dsf
0005
fsdfqzef
03c0   01 01 01 01 01 01 01 01 01 01 01 01 01 01 01 01 fsdfb;ndf;ze;kn
03d0   01 01 01 01 01 01 01 01 01 01 01 01 01 01 01 01
03e0   01 01 01 01 01 01 01 01 01 01 01 01 01 01 01 01
03f0   01 01 01 01 01 01 01 01 01 01 01 01 01 01 01 01
0400   01 01 01 01 01 01 01 01 01 01 01 01 01 01 01 01
0410   01 01 01 01 01 01 01 01 01 01 01 01 01 01 01 01
0420   01 01 01 01 01 01 01 01 01 01 01 01 01 01 01 01
0430   01 01 01 01 01 01 01 01 01 01 01 01 01 01 01 01
0440   01 01 01 01 01


